1 26
2 29
3 26
4 18
5 29
6 27
7 22
8 27
9 26
10 26
11 25
12 27
13 21
14 24
15 22
16 27
17 25
18 23
19 21
20 23
21 25
22 23
23 31
24 30
25 11
26 15
27 24
28 22
29 26
30 26
31 35
32 19
33 23
34 35
35 28
36 28
37 22
38 16
39 25
40 25
41 18
42 21
43 24
44 20
45 24
46 25
47 25
48 22
49 27
50 29
51 26
52 20
53 28
54 22
55 29
56 19
57 29
58 24
59 18
60 23
61 25
62 26
63 20
64 19
65 25
66 22
67 26
68 28
69 16
70 26
71 31
72 23
73 20
74 28
75 26
76 29
77 23
78 17
79 24
80 22
81 28
82 25
83 16
84 19
85 29
86 28
87 21
88 24
89 27
90 27
91 29
92 26
93 24
94 23
95 30
96 13
97 24
98 25
99 17
100 26
